76309
79731
29583
60992
34680
45691
55358
95523
37661
33464
26897
76556
82316
92079
55539
65931
98880
19348
72003
78401
53187
65201
45971
45911
37527
28891
82801
29496
81662
89956
92833
23135
33661
48499
53651
26075
67647
90805
39949
76487
95115
11937
89547
25780
45017
43306
68164
56564
75018
23253
65165
31517
20876
80624
33117
64410
41934
89782
71805
73244
91360
45112
12869
90665
69340
91603
56320
17932
18431
31849
72699
87247
40628
63635
39517
11212
38117
36016
10931
76357
75652
98810
38749
86048
63513
45687
60836
94034
80411
21091
16564
44503
57654
31146
97857
25682
93045
68754
17237
92066
93749
34830
99272
45274
38929
34134
68249
48916
61528
90233
54872
44233
91023
24635
40466
46905
25902
35889
88185
64759
11316
73715
60712
72685
77252
28506
54298
90658
57205
23674
64953
53241
13222
15152
92661
61816
76099
38554
21189
38784
65754
87476
56430
76366
48121
71894
82170
90347
21071
92246
36480
22854
99368
83605
65136
90644
68309
77685
10032
71312
95462
53698
41458
80635
26127
15692
26810
87800
91599
97670
31216
80047
57838
40849
64159
89709
14381
25729
36202
97364
34691
35917
15191
24872
94140
93963
55950
80851
16667
46647
24917
43622
37442
40641
12670
78129
47403
15283
24283
76777
53791
82919
77544
40160
86172
38241
60464
17675
83513
13022
68472
22498
29522
80236
37585
70287
81783
14685
95584
47126
46799
60372
29724
93734
48291
10590
42879
98898
94223
49303
87417
17709
76716
29881
26599
24757
15666
44542
30400
44519
10588
41850
98878
85952
11119
75872
46488
26202
95599
23529
60375
62608
50724
51119
20960
91487
62298
17790
34307
49446
85537
80619
25391
16005
80510
84955
88821
17492
81026
19683
79887
36893
56380
48530
32923
29965
18532
25026
72561
94980
32432
55534
66162
77645
70443
29960
92757
11444
52688
41268
97231
51183
90927
97265
66813
63206
78745
60347
46179
73348
68926
24241
23989
76893
96995
94457
33924
65919
98919
61147
25172
66855
98423
13462
78075
99192
61341
57853
64255
44260
34883
88936
87848
82017
65191
52966
36879
75723
63490
89580
41331
47488
89934
25785
73107
79658
95693
91422
96745
39149
98394
82163
95052
16720
63140
23823
50296
40070
51107
95702
63439
70522
67070
78368
33938
36370
77547
36047
53669
71919
66864
38056
91341
37606
50946
28444
41082
17087
83635
70177
68184
54012
38198
40811
70047
34846
62305
59272
40659
23800
64175
68120
35213
85144
83815
69466
69940
79153
26397
10870
11814
83212
47789
32399
47939
81076
48371
20554
25316
85993
69729
34131
99316
15760
11727
73101
93009
63218
60263
64150
32042
35235
77209
64094
46101
99642
29258
40802
47215
25170
80039
85895
85277
24143
32337
71599
33477
24883
19419
59427
72661
62996
12525
99041
20625
67886
42662
28976
11277
88403
77265
71034
44618
45540
53781
44920
68235
14758
21668
87671
69745
95603
15999
43079
28105
33119
68650
94618
92897
34834
29210
58769
33360
19762
52993
74090
73668
67667
56341
42838
93432
84325
72643
77464
91846
75389
22248
15496
60779
14645
71653
41937
97389
55995
35488
56394
32108
55582
85261
98501
17412
62946
45369
17834
39228
45644
70980
42334
29852
40025
56532
94361
78649
77448
81128
62842
52291
40473
50907
73714
99652
13997
32984
85656
19177
58598
48325
60732
20343
96365
17674
95012
60953
62943
25163
71429
94437
53160
89277
25998
53281
82655
58683
34567
67319
71752
32419
99187
99426
24165
37843
97105
32460
29663
59713
45188
14348
62746
46870
50841
59445
12925
57452
36324
67373
86514
56074
66208
91677
59472
73550
44359
67706
32462
86672
35231
53759
94902
94326
78387
64407
30177
52328
32836
27500
66034
70645
41249
23305
61958
76187
95216
81846
47377
77226
47927
26606
57767
68443
53742
14866
13517
12941
18949
91218
54173
39748
78360
11720
29782
43041
35760
28118
48978
32968
10841
88712
55899
96213
11205
78331
98064
55020
54837
32560
84271
12334
60354
18875
79143
23233
61563
31425
71874
72444
53574
23459
46584
67106
28010
92985
36682
12501
16169
43802
63772
75759
24020
72479
58596
79734
29532
65742
69210
32186
48745
60568
49589
38212
48399
28282
43098
28937
36026
36024
84966
59984
89201
21971
50899
76523
21988
75667
24010
34214
58811
51628
73612
23096
39135
69128
32494
67143
68372
81952
88192
83029
63532
54899
96592
17379
16417
50554
25532
86596
25412
97345
19051
95135
43190
16851
50939
20348
62130
75609
13811
80903
58594
21090
90571
54287
31596
93992
26590
25317
94102
53183
57107
80457
48710
56696
96203
84426
66196
76056
86506
62627
30931
70026
93319
81820
86702
99446
77640
67087
80068
65835
13105
65748
80758
19345
56661
12043
50136
79931
51660
91875
64857
14513
31955
42546
49089
77824
15115
98454
15654
22270
73592
72221
99258
70502
88720
57057
36225
93724
37728
25140
57373
93720
90834
37440
67370
46370
63554
27180
48396
49431
90431
84310
37110
34732
46171
58999
57776
99514
38870
96826
66302
56005
15218
82329
60643
69475
61286
32797
48924
61994
63771
41809
97274
33059
45700
40917
33486
33666
63745
68420
55719
26294
67613
38497
33455
29237
53016
36157
20983
43937
90852
86318
30612
90434
25697
22662
89638
26116
84518
55725
81669
99680
11056
21585
37854
27402
39624
92759
42786
19929
21412
91518
39607
82239
27192
46537
38436
79708
39914
53695
40348
40694
19663
16165
26764
62435
58398
17348
90054
48870
20742
66060
69792
33979
80596
38208
53092
53583
17488
76692
71114
50119
60702
98910
24697
91990
84668
62646
18722
25746
19142
74638
61297
19217
28041
15985
28848
28628
23312
70752
11513
48405
91941
98013
23286
20244
83249
23960
19258
86488
57252
46820
39964
80837
99090
69839
98396
30774
86470
23371
23128
58818
45372
27966
60009
65289
91781
80156
97254
48298
54722
81261
86922
55476
57009
38000
85253
76055
59410
88583
18304
75050
70029
20423
81440
82295
25089
16484
23071
57112
63721
68579
21977
43592
40060
20413
40283
30206
46075
70006
75130
60612
64928
96097
72883
20769
97961
46704
79660
70165
37654
40556
15332
19763
79356
42155
51863
80541
16392
67697
28903
98379
73277
91515
88086
36014
68997
48767
61448
70899
65598
61699
73408
88878
12559
51392
35286
84379
93438
60752
19987
63280
43747
22803
75256
70441
77992
70884
91936
39673
31518
23066
45455
58606
33075
12200
42764
45004
87970
52319
81837
67858
86460
