75213
28444
71339
99148
74530
82519
22047
45384
82208
91461
96393
76554
98880
23082
10033
66060
60464
41458
84074
78856
72003
71211
12776
26854
13462
28444
81076
21971
12472
51107
22498
19348
51107
81114
65515
73072
90255
38056
68042
86922
94618
76761
72003
18607
84423
57853
22550
62505
52627
57654
55756
14874
72883
76452
67195
15109
83416
34566
38212
47902
78672
62842
59690
89809
29496
69938
67034
62842
29380
75256
28903
95908
67697
87577
86619
57615
51660
22309
19763
21412
61857
38436
23524
72883
72883
67490
12821
51660
25554
19763
36401
22575
66781
46927
20234
75256
13462
72883
72883
74137
51512
10322
67697
60464
80865
48329
47187
83133
29496
97345
14127
75524
52472
11482
19763
66085
94618
42397
69459
63070
72003
38056
75256
81152
66060
61431
89763
62842
69364
57548
19763
12916
33059
19763
60464
94618
75071
38436
22498
91603
62842
98880
90853
86864
83675
81336
67697
60012
50167
40121
66608
54282
83869
69528
85197
80851
97711
15072
11404
21971
42893
28903
80851
80851
93602
16750
92990
97117
31201
53183
82887
29496
15694
18977
68248
60902
36340
66727
51660
57654
57479
21577
77547
42035
30529
42786
74745
73127
28903
53539
41629
21688
94618
60464
64945
33880
21412
81303
92601
33434
88560
79661
25196
88979
57853
52145
98880
72883
38056
41458
23196
10066
70183
41513
22498
79234
22498
40811
18124
43277
53781
42786
51541
38212
13462
57306
81296
91603
13462
48982
21971
41952
64094
44586
93340
41458
19763
98880
27123
29496
93022
17815
79099
22498
64255
22498
86922
62842
81076
41458
59633
35235
98880
92701
24242
53719
77547
19763
55594
42812
71894
98880
64094
60464
66044
38436
91603
42786
41458
22498
75256
33059
80851
42786
33059
81076
81363
91603
62842
38056
53183
38436
64255
75256
38056
41458
26451
21971
38436
22621
49903
57052
26985
42786
22007
83227
99837
79617
29436
77547
27421
43292
21971
60464
38211
17361
91603
38056
22498
77547
25516
60700
91668
29007
64094
41551
22221
65000
91984
15605
21971
41375
45956
59273
77547
71894
83506
28903
11235
98372
21971
71894
91603
74938
32099
60464
14737
57654
86600
71623
54803
36159
38436
82983
22498
84914
71894
38212
38056
21412
72003
51660
66147
75455
74618
92122
99234
64094
73226
77547
75256
51660
61913
22498
29496
80851
41458
20616
22498
61491
19348
17507
81076
46612
35669
57853
71894
19763
11104
42786
20190
52879
13462
60464
69928
64255
54069
39514
98880
42786
61605
95356
29496
65379
97345
93623
68260
51660
80851
39286
18711
41603
15855
33756
57654
73191
58546
76005
84618
65222
75256
18159
32300
76684
90505
86922
98880
62842
35310
64094
87125
53213
34676
65226
22314
71200
72883
21971
97222
67697
97478
29496
67697
17700
19348
45087
41458
94451
55388
19763
32689
64255
53790
27148
53412
88690
69804
83239
31070
40811
54682
42197
87006
77547
42498
77660
81076
72883
82856
86922
33710
45753
38212
51660
72883
33902
12703
80986
87195
28903
19763
56270
62842
81076
77547
24109
93422
47644
21971
28903
75429
88087
62842
64094
47300
96902
11813
41458
19763
52280
73155
75256
30393
81076
67134
86198
72003
64094
49234
22174
56346
89533
42786
81297
77547
75256
41710
81493
19763
52966
80851
59464
96842
31414
53183
33333
64618
17729
21971
67697
49780
57853
86922
44091
63493
19763
40811
60279
91603
47890
45307
81076
98880
57853
86276
86922
81076
57654
71894
25888
29553
21412
37041
27331
67414
84541
43314
40811
83863
38056
16050
98880
85546
60464
81076
73624
51107
92937
87311
36022
76544
91603
54480
26551
68321
57853
88043
80851
28606
51107
57853
17341
19348
64094
21971
86985
81076
74832
71814
69681
46028
37603
67869
98660
22498
20033
30796
41458
71807
22475
67697
75256
22498
71894
77547
19763
45326
99324
51107
53692
24930
19763
67697
38056
21971
68694
99460
20431
81076
67697
94591
60719
71894
29496
77953
64094
53273
98880
45344
38056
84636
88447
45195
51660
89972
57736
39741
13200
41458
19505
97345
21971
99944
76904
32400
26347
98880
44873
75256
65558
19763
81076
94618
81076
91603
94618
66618
38056
19348
68926
62842
69228
33723
39105
98087
30771
51660
60464
29496
64094
85510
20844
92452
28903
21576
77652
30799
38056
52865
66625
49400
39597
72170
47908
38056
38056
67697
22498
75256
28503
13462
19843
41929
68199
38056
77359
37353
78038
80851
38436
80851
71931
72883
37721
50259
91603
79684
12415
13462
97345
10341
94618
98880
35235
26365
75256
61183
37169
58396
81076
71894
22833
24326
15680
64094
67761
22498
66060
77819
57170
64094
72003
50653
91603
90541
51107
56004
46230
91284
41458
47474
77547
67697
64851
16117
21003
72883
68150
93047
77467
67697
51660
28916
65178
40431
38056
38826
29496
90578
57441
34724
67697
51660
19763
98880
51660
34250
89903
64821
28903
14002
73712
33621
39553
33899
80851
68934
17857
97017
42786
64255
25574
30048
67697
96621
60533
32872
22498
52386
72883
94052
31279
29496
15538
69919
57853
73550
82704
13024
97164
42786
40001
17001
72003
59194
77859
80851
27549
21412
69595
31870
80851
68898
44791
65971
38056
52966
76144
53334
62842
56570
77841
70772
33059
52871
60464
75500
33853
56409
77547
58485
70553
64832
41458
72003
81984
50841
75256
88235
23909
13462
51858
33593
71894
13462
75256
21830
60464
42202
46959
67697
66060
10581
29571
95270
22498
41458
45699
97867
65746
24259
13462
94618
98687
32555
71894
38436
67532
43332
45943
31092
84922
92651
47907
58437
99286
40968
68959
38654
79634
33484
34064
12822
57853
17208
35979
29496
22498
38216
22498
80851
84866
44309
22059
71894
57572
61827
32489
91603
55055
22985
75256
81076
75256
88548
22167
64094
84004
80851
80851
97345
67697
32158
32885
65660
42786
41159
38021
81076
22498
31657
14306
38056
38436
41458
97345
53781
52775
64094
55636
65761
54815
13462
28903
19348
49803
35235
60158
94832
78498
72883
41458
42337
34311
96070
91603
19763
91603
28903
23183
21971
40811
68024
41458
60464
21412
97160
62842
28903
43586
41974
67697
62829
93968
64094
51660
98880
51664
11061
59160
49151
17578
38056
72883
71894
20757
38212
42786
31701
21499
49200
91603
13481
97345
67963
91603
53106
81076
35027
71810
66237
75256
72003
57743
21412
77547
53183
19763
48344
77547
32254
21971
19763
79555
94858
98880
38436
86922
57654
95056
